http://www.pgdp.net,4
Charged,2
imperial,75
office,114
markets;,1
2nd,91
commune,5
appears,167
Love_,1
(1614);,1
_El,4
greatest,180
element,63
"(_brytenwalda_,",1
Maximus,2
_History,35
"called,",24
1099,1
IX.,14
Edinburgh,7
1483,3
392),1
saint,30
multiplication,14
constant,65
"substitutes,",4
Practice,7
_converter_,1
colleagues,8
dextrinose,1
Science,16
Guelphic,1
consequent,14
peer,5
offender,5
wet,44
mass.,8
"brick-clay,",1
inch,37
"occasionally,",5
combination,32
under-fired,1
doorway;,1
"hydrate,",1
scorching,3
exclusion.,1
thickened.,1
coke-breeze,1
preacher,5
pudding,4
unknown.,15
penalty;,1
Bridge._--The,3
line;,10
involve,5
sailors',2
wrought,37
Cassius,3
29,15
sheets,28
Transverse,2
girders;,2
freshet,1
wells,8
85.48,1
"F[Delta],",1
Equal,1
scales,15
distributes,1
69,7
1829.,1
"Bridgett_,",1
self-denial,1
Intellectual,2
iron-founding,1
"nave,",3
p.0560],1
"\"Minerva\"",2
Bridport,7
pacifying,1
chronological,12
steeper,1
Resultat,1
"century),",2
"Smith,",11
"him,\"",4
righteous,4
men's,24
Birmingham.,2
representative.,2
sqq.).,2
836,1
Surgical,2
Waterloo.,4
marshal,7
materialistic,2
Widowhood_,1
"(Brydges,",1
"Mark's),",1
"Robert,",5
Canynges,1
Hallows,1
"demesne,",1
epoch,8
"midlands,",3
Hadrian's,10
eyes.,82
civilizing,1
(Bath),1
was),3
pirates:,1
Itinerary,1
treasure.,4
unfrequently,4
_liti_,1
acre,7
"(_brec_),",1
Community_,1
"L255,384,",1
(also,2
north-western,5
1.55|,1
"garryana_),",1
----------,3
creeds,2
debt,15
Bancroft's,1
gradients,2
traveller,15
"Abyssinians,",1
Year,7
Rift,2
1623,3
1887.,3
Tonga,1
1802-1817,1
"abroad,",6
sentiment,13
defence.],1
"12,000,000,",1
"cocoanut-palms,",1
repayable,5
"America_,",1
"Padua,",2
Commedia_,1
Parsees.,1
Italia_,1
1735,3
andern,1
"States),",1
physiology.,2
Chirurgical,1
"signed,",1
bromides,7
J.S.,4
iodine;,1
recorder,4
"\"Tableau",1
"mineralogie,",1
forty-one,3
Foot.,1
Bell's,1
Cornhill,1
Hepaticae,2
progression,6
subdivision,3
Delta,1
sheikh,1
sailor,31
"Segovia,",1
warred,2
"Indies_,",1
Civ._,1
geognostischen,1
Dryburgh,1
Franklin,4
Sumter,1
"margins,",2
"derived,",4
provisioned,1
2989,1
(1729);,1
Cliveden,2
"1460,",1
"End,",1
"Trusham,",1
kernel,3
"hotels,",3
Moorish-Byzantine,1
joy,28
Koliyan,2
awoke;,1
"things,--\"O",1
_Brahmaloka_.,1
Impermanence,2
Vih[=a]ras,1
"Kosala,",1
[18],3
Buell's,2
"plazas,",1
silt,1
Shea's,1
tame,1
"cupboard,",3
_Correspondance,1
"Boni,",2
Hennequin,1
"doubts,",3
"Investment,\"",1
Companies,1
"fees,",13
director.,3
DONATIONS,3
Thousands,5
Switch,1
AM,4
squashed,4
"sitting,",5
"cup,",8
smiling.,12
holdfast,1
father!,5
"SEA,",5
calmly.,3
Symbol,1
candescent:,1
"Secrets,",1
--Mine,1
"crack,",3
applause?,1
Pity.,3
dulcimers.,1
willowpatterned,1
lowing,2
Illustration.,1
pitching,2
CHEEKS,4
Playgoers',2
NOW.,2
chalice:,1
oiling.,1
"deftly,",1
Job,1
sadly.,1
Drunk,1
Funerals,1
kneecap,1
--Like,3
Aha!,5
PUE'S,1
DID,6
CALLED:,1
BROUGHT,3
hungry,12
umbrellas,1
Rathmines!,1
bitterer,1
Matcham,2
mustard,6
smellsipped,1
Keyes:,1
glimpsed,1
image?,1
--Murder,1
thunder,14
stays.,2
JOHN.,1
TWO,31
"greeting,",2
"mummer,",1
stone),1
kettlelid,2
"tallwhitehatted,",1
--MA!,1
EMBONPOINT.,3
pa.,5
greenhouse,2
Finn's,1
"consort,",1
nightcall:,1
Bassi's,1
diners',1
"fourfold,",1
clinking,2
admires,1
P:,1
"O',",1
bellows.,2
stay.,1
trumping,1
"Velasquez,",1
"Isolde,",1
PENTONVILLE,1
"blunderbusses,",1
commons.,1
court?,1
RE,2
uttering,5
ah!,2
MABEL,1
"tomorrow,",2
tabbywhite,1
"drooping,",1
Crumlin.,1
swilling,1
hoopsa!,3
Loth,1
dureth,1
husbandly,1
REARED,1
salient,7
cowflesh!,1
gravidancy,1
abnormalities,2
bunch.,1
libation?,1
tuk,1
checks?,1
GROWLING.,1
MUTTERING,1
PILLS.),1
FRISK,1
CHALK,1
"EMBRASURES,",1
COVEY,1
DORAN,1
BLAZES,5
vote,20
obsolete.,2
Carmagnola,1
Span.,2
"Staffordshire,",2
Crow's,4
(Government),1
"4,000,000",1
Caicos,1
Purdy,1
Patiala.,1
"twenty-three,",1
history;,2
ensued,10
_Nik[=a]yas_.,1
Butter,4
"ears,",6
disabilities,1
"upbraid,",1
fathoms,7
Proudly,1
pub.,4
stocking.,2
clockwork.,1
Drugs,1
expires.,2
EAR,6
Boyl:,1
Bakery,1
lured,6
cow.,2
entrails,2
"cinnamon,",1
WIRST,1
rune.,1
fingerponder,1
--Mournful,1
EYING,1
"whispered,",6
stretch.,1
rump,4
whopper,1
"lowcut,",1
"exquisitely,",1
widewinged,1
spinal,7
Pucking,1
case?,1
ILLUMINARE,1
Source,1
pleading,2
one),1
(Disc.,1
hoi,1
guvnor?,1
SAMBO,1
SNIVELLING,1
COUNSEL,1
BEDRIDDEN,1
WRAPPED,1
STAFF,2
Womwom!,1
KING'S,3
emperor-,1
yield?,1
GOVERNMENT,1
"BOXES,",1
Casteele.,1
"THEM,",3
PROGNATHIC,1
pincushions,1
camiknickers?,1
Redbank,1
CURLS,2
(EXEUNT,1
"LIES,",2
signor,2
downhill,1
engaged.,4
"DECK,",1
"immortals,",1
(DEJECTED),1
beeftea,2
INCREDIBLE,1
GLOVES.,1
SKIPPING,1
TRICKIES,1
expiring,2
alanna.,1
"VULTURES,",1
CLOTHES,2
"BUTT,",1
"eighties,",1
wintertime,1
rather.,2
"Edison,",1
"was),",1
course),1
REMAINS,3
folk?,1
Bull.,2
concussed,1
ubiquity,4
ebullition.,1
boiled?,1
"meatpot,",1
Shakespearean:,1
immolates,1
"easychair,",1
Docks,1
typewritten,5
"Place,",3
"mercenary,",1
18/14/6,1
irrational?,2
"cardrive,",1
banderilleros,1
ever!,7
"sentences,",3
"Physics,",3
"Institut,",2
Curators,1
Ambrosian,6
Admonition,1
questioned.],1
Plutarch's,1
magnitude;,1
_h_,7
_t_,12
"\"just",2
interfering,4
intessere,1
field--which,2
138.,1
"luminous,",5
PRODUCES,1
_g_;,1
INTERPOSES,1
259.,1
"chimney,",2
X--which,1
BENT.,1
Indicate,2
hill.],1
"_sont,",1
"crape,",1
light].,2
"cartilage,",1
d'ingegno,1
forshortened,1
jangle,1
"semblerait,",1
"foreground,",2
Pittura_,1
"galloping,",3
upbraiding,1
crests,3
evaporate.,1
647.,1
LV;,1
Dicembre,2
_Andrea,1
santiaverunt,1
XLVI.,1
PL,2
gypsy,1
724,1
656.],1
"\"_Veggonsi",1
frammenti,1
MELT,1
LXXXIV).,1
Repetition,1
(plan,1
sizes;,1
1881):,1
sive,2
NARROW,5
imbibes.,1
sunk.,2
DYING,1
absurd;,1
899.,1
hemisphere.,2
youth--devoted,1
954.,1
Messina,1
"_Calpe_,",1
syphon,1
"tanti,",1
chavalli,1
Bisticci,1
trabochi;,1
"9147,",1
765.],1
Roanne,1
fille,1
"effet,",2
obscure;,3
"Comedorum,",1
navis_'.].,1
Destruction,1
"\"Absoluti",1
slumber!,1
subtraction;,1
1218.,1
1230.,1
"Saliva,",1
SNAKE.,1
Animals.),1
(Sleeping,1
misery.),1
nostro.,1
burdens;,1
68:,1
1340.,1
Florence--,1
"placida,",1
"anatomy,",2
Carpenters.,1
Milan..,1
Mengardino.,1
combs--,1
d'oro,1
simile,6
"health',",1
"Ripoli,_",1
l',1
'Vite,1
Storiche,2
methodically,1
seething,3
master-key,1
"life\"",1
"passive,",1
emerges,2
miles--in,1
Dinosaurs,3
"\"anti-bodies\"",1
oyster-catcher,1
"\"sail.\"",1
plastic--a,1
"(PERIOPHTHALMUS),",1
safeguarded,1
eel-fare,1
"inventions,",1
discriminates,1
rill,1
knowledge--the,1
"here!\"",3
onion),1
round_,1
heat-waves,1
reappears,2
tides;,1
62b;,1
1879).,1
lad's,1
eccessivamente,1
agee,1
perceptions,1
"means?\"",1
German-speaking,1
"Street.\"",4
vacancies.',1
"Petrarch,",1
soul!,2
"feet.\"",2
anything;,1
ex-Confederate,1
"take?\"",1
blonde,1
frogged,1
"ingenious,\"",1
"half-frightened,",1
writing?',1
"all,'",1
"twenty-six,",1
years--I,1
"\"'Stolen!'",1
half-hearted,1
"ACCIDENT,",1
Vizier:,1
subject's,1
proclaim:,1
"\"While",1
"Horse,",1
Unduly,2
"lacking.\"",1
plunders,1
"CURIOSITY,",1
kill;,1
"everything!\"",1
restrain.,1
"FLESH,",1
"Calvin,",2
Atholston,1
contynues,1
"GRACES,",1
Patagonian,1
Howison,2
Mahometans,2
Eternally,1
"creatures!\"",1
AGENT:,9
occupy;,1
"before!\"",1
"bows,",2
Distinctions,1
meekness,1
atomic.,1
mudgobbling,1
"NONSENSE,",1
"\"occasional",1
"saponaceous.\"",1
"Memory,",1
"PLATONIC,",1
Pyrrhonism.,1
forgiven.,1
"deities,\"",1
Mikado's,1
wyde,1
"commandments,",1
"prison,",1
ISO-646-US,1
capital];,1
hireling,1
Hao,17
"issues,",1
"metaphysics,",1
"Classics,",1
--let,2
weakens,1
plainly:,1
interpolated,2
"challenge.\"]",1
"\"screens\"",1
inference.],1
Ch`ang,1
labor.,1
INWARD,1
"directly,",1
