Schweidnitzer,1
formed,184
1370,3
honour,41
1864,5
"\"Women",3
residence,41
Young,21
scholarship,3
"(1831),",1
hesitation,6
Dogmatik,1
marked,131
date,132
eighth,15
"\"Terrestrial",1
(p.s.c.).,1
strong,204
consider,60
_Contents,1
together,248
xxxviii.),1
crystallization,2
Ale,2
fermentation,19
shortens,1
"incomplete,",13
(Messrs.,4
grists,1
run.,16
removed,65
Allsopp,1
Angevin,1
"Valois,",1
Liege,1
_L'Humanite_.,1
regarding,19
consigned,3
elections,6
instituting,2
severely,10
revived,8
frost,7
box,34
devices,8
rectangular,14
tabulated,1
converts;,2
rubber,14
"points,",19
"singleton,",1
"dummy's,",1
"\"Cato\")",1
style.,19
"south-east,",2
"Here,",34
(1844-,1
"bridges,",18
limits,37
singularly,11
"symmetrically,",1
245,2
Over,17
"beams\"",1
sides.,17
1879,7
land.,39
Hard,10
want,230
18.70,1
7.0,2
Molesworth,3
_outside_,2
lettering,6
far;,1
"1344,",1
"BRIDGEWATER,",2
canal),1
"Area,",8
8919;,1
Warranto_,1
Foret,3
Beuthen,1
WALTERS,1
hiding-places,2
(Wolf's,1
"BRIGANDINE,",1
Methods,3
League,14
audience,11
p.0568],1
stretches,9
"valley,",15
"sulphur.\"",1
"ethnologist,",1
Coligny,1
Highgate,1
app.,3
Digby's,1
"Dyve,",1
"Keynsham,",1
epitaph,4
instruct,5
"40,000",1
tenth,7
8-12),1
Romanized.,1
p.0587],1
Similar,6
Mannheim,1
"Pliny,",4
Mus._,1
100-120,1
prevalence,5
quern,1
(_beagas_),1
_Physical,3
clump,5
territory.,10
lakes,29
"L79,449,",1
"W.,",6
Cordillera,1
previously.,1
"\"partridges\"",1
_Mining._--Mining,1
Elgon,2
volcanoes.,3
highlands--in,1
flamingoes.,1
Ontario,7
Treaties.,1
"Aldabra,",1
Bastar.,1
Fiji.,2
"208,000,000,",1
sea-borne,2
"molested,",1
"190),",1
unproductive,1
"stalagmite,",1
Heights.,1
ii.).,1
shells,62
Maitland,2
Br.4H_2O,1
vapour;,1
unimpregnated,1
"Braun,",1
Essai,1
"(1832-1891),",1
"(Mg,Fe)SiO_3,",1
"peridotites,",1
introduced.,1
chorus,6
polyanthos._,1
Andreaeales,2
"Exquemelin,",1
5;,4
cum,5
refuting,2
"Turnebus,",1
"layman,",3
"1832-1833,",1
"pedlars,",1
Bonn.,1
chretienne_,1
Buchon,1
bog-plant,1
outcry,3
"Tudor,",1
hide.,3
Tangier.,1
vale,6
_Industries._--The,1
Ampthill.,1
Breaute.,1
actor,8
buckwheat,5
"Rohillas,",1
Historico-Theologica,1
Him[=a]layas,1
"possess,",3
disconnected,4
mendicant.,1
138-359.,1
"worldly-minded,",1
"\"Now",11
"enigmatic,",1
term.,3
"MONOGRAPHS,",1
lexicographical,1
cemeteries,2
Grosvenor,8
1870);,1
"build\"",1
"investment,",2
refund,30
Foundation's,9
Be,33
--I,133
offend,1
bidding.,3
we?,5
"pints,",2
DOWN,31
PUT,3
terrors.,1
consubstantial,3
delving,1
nostril,4
anyhow.,16
Olives,3
"hold,",4
--Poldy!,2
week.,8
tolloll.,1
I.H.S.,1
hands:,2
rampage,1
"Lowry,",1
Peake,1
BRISTOL.,1
coffin,19
graveyard.,1
blades,3
creeps,2
nodded.,6
O'Molloy,34
Pyatt!,1
flinging,3
SKIBBEREEN,1
withering,6
"Quicker,",1
sours,1
11/-,2
squad,4
Kerwan's,1
Two.,4
--Breadsoda,1
"plumber,",4
sireland.,1
egg,23
loneliest,2
H.:,1
mocker's,1
--Gentle,1
"fatherhood,",1
BEST:,3
heavens,17
Lyster!,1
"midway,",1
scribble,2
peaked,2
"tramcar,",1
PERCHE,1
newbought,1
threemasted,1
Metropolitan,4
unsaluted,1
fealty,1
Yessex.,1
"stiff,",2
--Ladies,1
warbling.,1
Blot,1
Mirror,2
glazily,1
Stout,1
tengallon,1
glowered,1
Treasury,2
"Aspenall,",1
tops.,2
CRAMEN,1
rung,5
Willy's,1
See!,2
sniff?,1
"placid,",1
Ticking.,1
childe,2
lustiness.,1
Cavil,1
spill,2
wherry,2
shortlived.,1
pleasantry,1
ingle,1
phantoms:,1
"see),",1
SUSSE,1
wobblers!,1
Oliphant.,1
HEAVILY,2
GULPS,1
CAKE,1
BREEN,1
PRIVATELY,1
Loyalist,1
"Assiniboine,",1
Jamaica.,3
tragiques_),1
"professor,",4
"BROOCH,",2
_Marchantia_,4
blame,15
repeopled,2
_Note,1
self-training,1
"physics,",2
hasn't,4
towel,3
back;,7
Unheeded,1
Whack.,1
Elixir,1
"tiresome,",1
cup?,2
envelopes.,1
"--Dignam,",1
parsons,1
Maeterlinck.,1
lute,2
adipose,2
headstrong,2
relate!),1
winced,2
moonflower,1
M's,1
tolerable,2
postmenstrual,1
Tanks,1
REPORTERS,2
defendant,3
unmerciful,1
"CUNNINGHAM,",3
"LAMBERT,",2
SINGSONG,1
RICHLY,1
ESSENCES.,1
"TESTICLES,",1
"MONEY,",3
WHEELS,2
Askenazim,1
Sjambok,1
MORRIS,1
GAS,1
keel,7
"immense,",1
WINKS,1
exhibitionististicicity.,1
"protuberances,",1
ARGUMENTUM,1
BREAST,4
SHRINKING,2
TAUNTS,1
CHOCOLATE),1
BELLA:,23
BREATH),2
(GIVES,1
fullgrown,1
SIXPENCE),1
TURNEDUP,1
FOLLOW,4
WHITEGAITERED,1
TWIRLS,1
"GLOW,",1
"CITIZEN,",1
"STRANGEFACE,",1
SURGEON,1
Retain,1
"(ECSTATICALLY,",1
SHEEPSKIN,1
ELSE,1
medicos,1
watchman,2
"verified,",2
--MEZZO.,1
greenhorns,1
Gaiety,8
friers,1
breakers,1
"watched),",1
noncommittal,1
friendlier,1
doing),1
Walden's,2
intimate.,2
Euston,1
Ire),1
"foremost,",1
aright,1
inexistence,1
perceive?,1
unplumbed,1
hours:,1
"noises,",1
represent?,1
"moiety,",1
"(cover,",1
bracket,1
hygienic,1
"scillas,",1
"swatheturner,",1
(lady's,1
"rodents,",1
traffics,1
Envy?,1
didnt,37
third--the,1
writing:,1
(72--73).--Refraction,1
Official,1
_c_,51
reversed--retains,1
NATURAL,7
"includes,",1
93.,1
part-shadows.,1
END.,1
85).],1
304.,1
336).,1
XXI.,2
374.,1
492.,1
(538-539),1
furies;,1
ROTHSCHILD,1
XXXVI.].,1
remain;,1
parti,2
forms--seas,1
atelier.,1
hanged--Pl.,1
pulverised;,1
Emery,1
23b).,1
Palaces.,1
trova,2
qu'elle,2
sgraffito.,1
Porta,8
"sickness,",2
fe,1
confers,1
"vantaua,",1
"astrologiae_\"",1
animalcules,2
nemici,1
maria_,1
unfounded.,1
_n_.],1
Isonzo,1
au-dessus,1
"Ethiopia,",1
Syrie,1
1104.,1
"Scilo,",1
Beitrag,1
l'ere,1
"soufre,",1
s'ils,1
"conveniva.\"",1
esprimere,1
_to_,1
"Pompeius,",3
1261.,1
Silk-spinning.),1
1335.,1
"DEFREMERIE,",1
Mohammedan,4
Sforza.],1
accennino,1
1377.,2
lorezo\\\,2
Firenze;,1
altrove,1
mules.,1
"--swimming-belt,--a",1
"custom-house,...,--[Footnote",1
"note).],--",1
Assiolo,1
"numeri,",1
"XV,",3
--kidney,1
Nuova,1
electron--The,1
Park.,6
"Uranus,",1
colony;,1
"yellowish,",1
"lens,",8
_Celestial,1
"8,100",1
N,2
weaponless,1
diversely,1
secondaries,1
"lamp-shells,",2
"Wyoming,",1
sparrow,3
"Eohippus,",1
_Pleistocene_,1
whelk;,1
endeavours,1
rotting.,1
arrow-worms,1
unobtrusive,1
"flanks,",1
"Malay,",1
"tree-sloths,",2
"sapiens,",1
"MARETT,",1
"herons,",1
"dragon,\"",1
dead.],1
serpent;,1
expedient.,1
cupboard,2
negatively,1
"energy?\"",1
Murray)._,1
_omit_,1
_V.,1
"Wolfs,",1
"1480,",4
conoscono,2
Sextus,1
SARGASSO,2
fortuitous.,1
feint,1
stereoscopic,1
"\"Seven!\"",1
"\"Indeed,",5
"Ormstein,",2
"interested,",2
"\"'The",9
"faster,",1
"wish?\"",1
"please!\"",1
"\"Married!",1
"drawers,",1
embellish,2
bedtime,1
"door.\"",4
"\"life",1
scheming,1
"ungovernable,",1
over-tender,1
Good-bye.,1
Horsham.,2
Ku,2
"crop.\"",1
"member.\"",1
"chair!\"",1
"coroner,",1
"\"'There",3
suppose.',1
"England.\"",1
Wedding':,1
sum?',1
"bureau,",3
"not,'",1
good--too,1
"Stomach,",1
adv.,6
"ADAMANT,",1
corset.,1
Asinine.,1
"\"Bread!\"",2
girds,1
"fudge!\"",1
"dawn,",1
"GUILLOTINE,",1
"flabbergastor_,",1
Lukkus,1
hoar,1
went:,1
incompossible,1
"wardens,",1
"Bumer,",1
Tadpole,2
"Industry.\"",1
fatalities.,1
"PIETY,",1
austere,3
"PREDILECTION,",1
"Headliner,",1
Peacock;,1
Inhospitable,1
"dragons!\"",1
Pribyloff,1
conspirator.,1
_you_.,1
relax,1
Shankank,1
Tombeau,1
eyder,1
doodge,1
"days.\"",2
[beat,1
T`U,6
----------------,1
"flight.\"",2
[502-557].,1
Lao,3
"584,",1
tent.,1
damped.,1
deficiency;,1
harvesting,1
"rest.\"]",1
T`ing-ts`ou.,1
replies:,1
"warfare,\"",1
distaste,1
[Literally,1
Chih,2
